1.083300000000001262e+00 4.612999999999995993e-01 2.761519999999999975e+00 1.011887999999999899e+00 1.004549999999999832e+00 1.000383999999999940e+00 -3.286345233713462710e-02 -5.885000000001738840e-02 -5.148000000001928811e-02 -1.120655930876579554e-02 -1.743000000000010097e-01
1.166100000000000136e+00 5.292000000000003368e-01 2.576680000000000526e+00 1.014469000000000065e+00 1.003560000000000008e+00 9.995570000000003619e-01 -1.595510835913336867e-01 -9.247000000000404896e-02 -7.268000000001606509e-02 4.221142150374312951e-02 -1.163000000000007361e-01
1.109699999999999243e+00 4.929000000000005599e-01 2.216860000000000497e+00 1.012512000000000301e+00 1.007332000000000116e+00 1.003493000000000190e+00 -1.537938966416178832e-01 -1.493899999999950268e-01 -2.770000000001537899e-02 -1.937122848620065341e-02 -1.133000000000009000e-01
1.296599999999999753e+00 6.062000000000002942e-01 2.324019999999999975e+00 1.010990000000000055e+00 1.005053000000000640e+00 1.001563000000000203e+00 -2.353486150907159805e-02 1.972000000002083198e-02 -2.423000000000996579e-02 -4.119230172581839211e-02 -8.299999999999840838e-02
1.217100000000000293e+00 3.317999999999994287e-01 1.186619999999999564e+00 1.014093000000000355e+00 1.010313999999999934e+00 1.008647000000000515e+00 -9.143302891932809928e-02 -1.584799999999813025e-01 -4.925999999998964540e-02 6.481607704233294243e-02 -2.129999999999898641e-02
1.102700000000000458e+00 5.261999999999993349e-01 3.166220000000000034e+00 1.012726000000000237e+00 1.000934999999999686e+00 9.954299999999998150e-01 -1.763860329776923419e-01 -1.813299999999955503e-01 -1.692999999999784677e-01 6.506010538733841830e-02 5.159900000000001985e-02
1.104600000000000470e+00 5.095000000000000639e-01 2.770159999999998846e+00 1.014284000000000185e+00 1.008346000000000187e+00 1.004477000000000064e+00 -2.705432826051386019e-01 -3.010100000000157650e-01 -1.711899999999904054e-01 9.803175402818786743e-02 -1.720000000000032614e-02
1.295799999999999397e+00 4.132000000000002338e-01 1.178779999999999495e+00 1.011468000000000478e+00 1.004813000000000400e+00 1.001615000000000144e+00 -3.329999999999953136e-02 -4.186000000001044441e-02 -2.829000000001258286e-02 -3.511192945908706009e-02 3.899999999999920197e-02
1.290299999999999336e+00 5.989000000000004320e-01 2.022759999999999891e+00 1.012941000000000313e+00 1.008709999999999996e+00 1.005801000000000389e+00 -6.830981887512120598e-02 -4.119999999997681073e-02 -2.217000000002045113e-02 2.322156104767909499e-02 -8.049999999999979394e-02
9.474000000000000199e-01 3.883000000000000895e-01 3.009629999999999139e+00 1.010860999999999787e+00 1.005080000000000418e+00 1.001931000000000349e+00 -1.015637622619730840e-01 -9.634000000001741171e-02 -8.659999999998468923e-02 -2.999112151553787187e-02 -3.400000000000007183e-02
8.692999999999999616e-01 3.154000000000003467e-01 3.991270000000000095e+00 1.007863000000000175e+00 1.000858999999999943e+00 9.977189999999999115e-01 6.065989847715256428e-03 -3.230999999998651617e-02 -8.058999999998839314e-02 2.456348046422929254e-02 4.800000000000331779e-03
9.614000000000002544e-01 2.720000000000002416e-01 1.805189999999999850e+00 1.009231999999999907e+00 1.005616999999999983e+00 1.003287000000000040e+00 1.054780313030380251e-01 1.016000000000616410e-02 -5.848000000001540855e-02 1.177186796067759555e-01 -4.999999999998672173e-03
1.011299999999999422e+00 5.238000000000004874e-01 4.222619999999997376e+00 1.012403999999999860e+00 1.001514000000000237e+00 9.963870000000002447e-01 -1.310084905660387489e-01 -1.359700000000199083e-01 -1.447800000000114551e-01 2.444010341366908978e-02 4.409999999999993092e-02
1.268200000000000216e+00 4.984000000000001762e-01 1.595680000000000431e+00 1.014002000000000514e+00 1.011028000000000482e+00 1.008377000000000745e+00 5.277887462981116495e-02 -1.359999999998962039e-02 -8.762000000002068134e-02 7.895051782887234360e-02 2.160000000000011910e-02
1.129799999999999471e+00 4.885000000000001563e-01 2.238699999999999690e+00 1.015219000000000538e+00 1.004934000000000216e+00 1.001242000000000409e+00 -1.014160097028484336e-01 -4.639000000000237378e-02 -5.990999999997903558e-02 3.104067695534412641e-02 -9.099999999999978939e-02
1.077700000000000102e+00 5.054999999999996163e-01 2.986799999999998789e+00 1.008206999999999631e+00 1.001980000000000537e+00 9.977730000000005761e-01 -6.045347928068595111e-02 -4.844999999997945395e-02 -8.786999999999345334e-02 3.617363721407265004e-02 -2.219999999999983098e-02
1.128300000000000303e+00 5.149999999999996803e-01 3.873050000000000104e+00 1.013597000000000081e+00 1.004277000000000530e+00 1.000675000000000203e+00 3.270974651909787367e-02 -2.820999999998541341e-02 -4.046000000001370722e-02 8.564593094235786394e-03 -2.479999999999948912e-02
1.110199999999999854e+00 5.663000000000000256e-01 3.934119999999999617e+00 1.012036000000000158e+00 1.002803999999999807e+00 9.982070000000001775e-01 -9.871153846153954414e-02 -8.509999999999706688e-02 -1.183999999999993946e-01 5.368770847512555067e-02 -1.180000000000069882e-02
1.141499999999999737e+00 4.614000000000002544e-01 2.040880000000000916e+00 1.007858000000000143e+00 1.001256000000000146e+00 9.974249999999998950e-01 -3.446960784313656684e-02 4.869999999973728677e-03 1.892999999999389615e-02 -6.842399528212171622e-02 -1.075999999999995710e-01
1.245600000000000041e+00 2.163000000000003809e-01 1.098859999999999726e+00 1.012011000000000216e+00 1.011333000000000260e+00 1.010283000000000486e+00 1.676057082452441505e-01 1.093199999999860950e-01 2.426999999998713520e-02 1.382855713011209298e-02 -6.779999999999999916e-02
1.009999999999999787e+00 4.294000000000002260e-01 2.858319999999999528e+00 1.018044000000000171e+00 1.008371999999999824e+00 1.005356000000000138e+00 -1.255542021924470897e-01 -6.125999999997766565e-02 -8.174999999998533440e-02 -8.896341185975265020e-03 -4.220000000000005691e-02
1.046800000000000175e+00 5.269000000000003681e-01 3.871030000000000193e+00 1.012939000000000478e+00 1.007128000000000467e+00 1.003403000000000489e+00 -1.932716049382698364e-01 -1.916800000000105086e-01 -1.699099999999909016e-01 6.224914992735469665e-02 1.810000000000000497e-02
1.339199999999999946e+00 5.007999999999999119e-01 1.171900000000000608e+00 1.020369999999999777e+00 1.018061000000000327e+00 1.015092999999999579e+00 -7.150468085106237437e-02 3.315000000001333547e-02 1.882999999997814200e-02 -1.034120038982705159e-01 -7.759999999999933618e-02
1.143899999999999473e+00 4.456000000000006622e-01 1.595329999999999693e+00 1.010500999999999872e+00 1.005673999999999957e+00 1.002073999999999687e+00 9.891916439600556207e-03 -9.151000000002085244e-02 -1.439300000000098834e-01 1.582567957698588490e-01 1.339000000000005741e-01
7.747000000000001663e-01 2.388000000000003453e-01 3.978570000000000828e+00 1.007261999999999880e+00 1.001377000000000406e+00 9.958160000000002565e-01 2.636509136736001624e-01 3.592999999998269800e-02 -9.238000000001278522e-02 -6.235780263349949282e-02 1.182000000000001383e-01
1.141899999999999693e+00 4.217000000000004079e-01 1.624450000000000172e+00 1.009036000000000710e+00 1.004468000000000361e+00 1.001895999999999898e+00 -2.011748381128782362e-02 1.659999999999328679e-02 -1.378999999999130921e-02 -8.644714128878816517e-02 -7.750000000000006883e-02
1.388700000000000045e+00 6.220999999999996533e-01 1.124740000000000073e+00 1.029343000000000563e+00 1.024642000000000275e+00 1.021820000000000395e+00 -6.351740696278401765e-02 -6.494000000001776129e-02 -5.289000000001742308e-02 4.311827755739858214e-02 -1.999999999999571565e-04
1.115199999999999747e+00 5.023999999999997357e-01 2.384079999999999977e+00 1.008786999999999878e+00 1.003155000000000463e+00 1.000051000000001133e+00 -3.455849701110396549e-02 -1.016000000001504588e-02 -3.369000000000355044e-02 -5.282096131279345741e-02 -4.350000000000031619e-02
1.158400000000000318e+00 5.257999999999993790e-01 2.157999999999999474e+00 1.012345000000000494e+00 1.007311000000000067e+00 1.002828000000000053e+00 -1.979992759744169106e-01 -1.118199999999998084e-01 -2.972999999998826581e-02 -9.132805532461635289e-02 -1.536999999999997535e-01
1.160000000000000142e+00 5.685999999999999943e-01 2.920590000000000241e+00 1.008755000000000290e+00 1.004510000000000680e+00 1.001624000000000514e+00 -1.109064578416637942e-01 -7.236999999997806299e-02 -5.344999999998911733e-02 9.006465617291237180e-03 -6.530000000000113491e-02
9.703999999999997073e-01 3.581000000000003070e-01 2.936480000000000423e+00 1.011480000000000157e+00 1.007476000000000260e+00 1.004441000000000361e+00 -1.788571894359295145e-01 -2.208200000000068997e-01 -1.937600000000117006e-01 5.645321583307305602e-02 1.105000000000000149e-01
1.119600000000000151e+00 4.846999999999992426e-01 2.028509999999998925e+00 1.012378000000000444e+00 1.008576999999999835e+00 1.004917999999999756e+00 -1.484024713150741866e-02 -1.795999999999686736e-02 -4.858000000001894136e-02 -3.620176282670894974e-02 -2.240000000000030855e-02
1.386600000000000499e+00 4.589999999999996305e-01 1.135590000000000321e+00 1.029891000000000112e+00 1.028725000000000556e+00 1.027451000000000558e+00 -8.148348940364548432e-02 -8.367000000002278171e-02 -1.282000000001204398e-02 -7.453225189599352318e-02 2.010000000000002757e-02
9.735999999999993548e-01 4.912000000000000810e-01 4.593830000000000524e+00 1.013143000000000127e+00 1.003840999999999983e+00 9.990750000000006015e-01 -2.413495038588739094e-01 -1.853100000000083014e-01 -1.536199999999823262e-01 3.553176802532059808e-02 -1.029999999999958726e-02
1.048200000000000465e+00 3.531999999999992923e-01 2.234010000000000051e+00 1.010746000000000366e+00 1.007139000000000006e+00 1.004514000000000129e+00 -5.612378836833443324e-02 -1.053900000000105308e-01 -1.199399999999997135e-01 1.133152224215649984e-01 1.066000000000004166e-01
1.173199999999999577e+00 5.356000000000005201e-01 2.739270000000000316e+00 1.015978000000000270e+00 1.008170999999999928e+00 1.005084000000000310e+00 -1.240791476407929195e-01 -6.936000000002096044e-02 -5.495999999999057195e-02 3.068111300758052939e-02 -1.209000000000015063e-01
1.154399999999999871e+00 2.636000000000002785e-01 1.322479999999999878e+00 1.011651000000000300e+00 1.010143000000000013e+00 1.007545000000000357e+00 2.948791609667116842e-01 1.287000000000091404e-01 -1.864000000001553303e-02 -1.396324022592915215e-01 1.450000000000056799e-02
1.139599999999999724e+00 3.769000000000000128e-01 2.028230000000000199e+00 1.008047000000000137e+00 1.003485000000000626e+00 9.999049999999998217e-01 1.834266686847435199e-02 -4.394000000000453099e-02 -3.240999999999871761e-02 -8.239118477503332150e-03 4.489999999999794156e-02
9.630000000000000782e-01 3.941999999999996618e-01 3.488670000000001270e+00 1.012671000000000321e+00 1.004696000000000033e+00 1.001791000000000098e+00 -6.190651906518919445e-02 -2.182999999998358476e-02 2.380000000007598260e-03 -1.096989844913588280e-01 -1.367000000000009319e-01
1.089599999999999902e+00 4.889000000000001123e-01 2.893910000000001759e+00 1.014904000000000250e+00 1.004185000000000549e+00 9.998890000000002498e-01 -8.613415501303768596e-02 -1.100999999999903167e-01 -7.580000000001696492e-02 -3.281430437393788313e-02 -2.430000000000034910e-02
1.206599999999999895e+00 6.059000000000001052e-01 2.726849999999999330e+00 1.020934000000000230e+00 1.014712000000000280e+00 1.011131000000000002e+00 -2.657951114306256746e-01 -2.672700000000123310e-01 -2.018200000000263117e-01 6.779206168229245932e-02 3.749999999999986677e-02
1.084999999999999964e+00 5.281000000000002359e-01 3.053780000000001049e+00 1.012757999999999825e+00 1.007834000000000341e+00 1.004981000000000124e+00 -7.621523809523637893e-02 -6.379000000001866511e-02 -9.658999999997774921e-02 1.999656314967196424e-02 -4.000000000000059064e-03
9.619999999999997442e-01 4.136999999999995126e-01 3.458019999999998539e+00 1.012246000000000201e+00 1.004515999999999520e+00 1.001413000000000775e+00 -1.010978284711552266e-01 -3.349000000002000377e-02 -3.404000000002049831e-02 -4.947388236172643727e-02 -9.900000000000069855e-02
1.048700000000000188e+00 4.321999999999999176e-01 2.813870000000000982e+00 1.015261000000000413e+00 1.006415000000000726e+00 1.003166999999999476e+00 -8.538057742782190207e-02 -6.456999999999268880e-02 -1.100999999998286683e-02 -6.437813772008207924e-02 -1.053999999999996051e-01
9.637999999999999901e-01 3.380000000000000782e-01 2.382819999999999272e+00 1.012442000000000508e+00 1.008523000000000946e+00 1.005725000000000202e+00 -3.366099740559408415e-02 -8.063000000001174783e-02 -8.830000000002513616e-02 -3.532681925609215678e-02 1.739999999999991553e-02
1.115299999999999514e+00 3.241000000000004988e-01 1.772490000000000343e+00 1.004791000000000212e+00 1.002795000000000103e+00 1.000933999999999990e+00 6.804953560370581404e-03 -8.709999999990003516e-03 -2.023000000000685361e-02 -4.558118433692026628e-03 9.699999999999708855e-03
1.284499999999999531e+00 4.907000000000003581e-01 1.573249999999999815e+00 1.025966000000000378e+00 1.023780000000000578e+00 1.022024000000000488e+00 -6.423410404624102510e-02 -3.292999999999146610e-02 -5.893999999997845407e-02 4.222028411310041474e-02 -8.620000000000027640e-02
1.142799999999999372e+00 4.743000000000003880e-01 2.281070000000000153e+00 1.019315000000000193e+00 1.006220000000000336e+00 1.002725000000000311e+00 -1.616031331592688303e-01 -1.518100000000153216e-01 -1.337899999999923040e-01 3.364022569782554317e-02 -1.029999999999989257e-02
1.016799999999999926e+00 4.357999999999995211e-01 3.031259999999999621e+00 1.016367000000000242e+00 1.007204999999999906e+00 1.003509999999999680e+00 -1.917457826598651383e-01 -2.433099999999868146e-01 -1.145400000000069696e-01 7.657731499507380857e-03 -5.219999999999974660e-02
9.986999999999994770e-01 4.398999999999997357e-01 4.001960000000000406e+00 1.019543000000000532e+00 1.003277000000000196e+00 9.982130000000004610e-01 -3.031355932203387837e-01 -2.605600000000052319e-01 -9.912000000001874866e-02 -2.461403720061466904e-02 -9.859999999999929932e-02
1.002799999999999692e+00 4.408000000000003027e-01 3.356869999999998910e+00 1.013758000000000603e+00 1.005908000000000246e+00 1.002346000000000403e+00 -1.930698151950733521e-01 -1.492500000000127613e-01 -9.327000000000573721e-02 2.760589311994132711e-03 -7.340000000000010405e-02
1.005200000000000315e+00 4.828999999999998849e-01 4.119909999999999073e+00 1.015589000000000519e+00 1.008897000000000155e+00 1.005659000000000525e+00 -2.345140845070413094e-01 -1.541499999999853543e-01 -1.085400000000102949e-01 2.977988098898554092e-02 -6.199999999999850075e-02
1.163800000000000168e+00 2.490999999999994330e-01 1.212580000000000213e+00 1.009706000000000437e+00 1.007912000000000363e+00 1.005261999999999878e+00 1.261294583883753040e-01 2.076900000000048152e-01 8.026000000001332069e-02 -1.168956478258695170e-01 -2.198999999999999566e-01
1.127500000000000391e+00 4.626999999999998892e-01 2.044670000000000432e+00 1.013329000000000146e+00 1.007089999999999597e+00 1.003737000000000101e+00 1.719813084112384663e-02 2.625999999998107626e-02 5.199999999975446485e-03 -6.492347780806019542e-02 -8.369999999999991336e-02
1.231900000000000439e+00 5.169999999999994600e-01 1.569829999999999837e+00 1.011486000000000107e+00 1.008179000000001047e+00 1.005417000000000671e+00 6.510967741935667907e-02 4.734000000002502873e-02 -5.630000000014234729e-03 5.074302613400361039e-04 -8.220000000000005080e-02
1.183400000000000674e+00 5.106999999999999318e-01 1.832399999999998919e+00 1.008364999999999956e+00 1.003225999999999951e+00 9.994340000000001556e-01 -6.643915003219472148e-02 -3.403999999999918202e-02 -2.988999999998398494e-02 1.876689360532176470e-02 -6.780000000000038773e-02
1.081299999999999706e+00 4.828000000000001180e-01 2.961519999999999264e+00 1.017631000000000174e+00 1.008841000000000543e+00 1.005741000000000884e+00 -1.636589726918090126e-01 -1.126900000000095048e-01 -6.875000000002096101e-02 7.982900682199145503e-03 -1.135000000000011555e-01
1.167899999999999494e+00 4.714000000000000412e-01 1.425539999999999807e+00 1.004547999999999996e+00 1.000942000000000220e+00 9.974110000000000475e-01 6.617595307917722991e-02 1.319999999990884021e-03 -2.535000000000309228e-02 -3.988833992658158412e-02 3.849999999999999256e-02
1.054199999999999804e+00 5.052000000000003155e-01 3.462240000000002205e+00 1.013239000000000001e+00 1.003353000000000161e+00 9.989530000000003129e-01 -7.889902820573747866e-02 -8.726000000001299384e-02 -9.586999999998546684e-02 -4.767942413850230488e-02 -1.999999999999890754e-03
9.431000000000002714e-01 2.932999999999994500e-01 2.986599999999999699e+00 1.010237000000000274e+00 1.004850000000000243e+00 1.001843000000000039e+00 2.099396599012621351e-02 -5.094999999999139106e-02 -7.556000000001183992e-02 5.426395900075023371e-02 6.399999999999975153e-02
9.142999999999998906e-01 2.614999999999998437e-01 2.904189999999999827e+00 1.010414999999999841e+00 1.003701000000000398e+00 9.985660000000001757e-01 1.342738348481928023e-01 -3.106999999997839268e-02 -9.158999999998584940e-02 -3.422109254022823177e-02 7.789999999999994151e-02
1.037900000000000489e+00 4.800999999999997492e-01 3.269730000000000025e+00 1.009214000000000278e+00 1.002466000000000301e+00 9.990880000000003092e-01 -6.127535101403855378e-02 -1.664000000001841784e-02 -8.906000000000169337e-02 1.105032713925613308e-02 -2.370000000000030416e-02
1.082300000000000040e+00 5.029000000000003467e-01 2.784060000000000645e+00 1.012036000000000158e+00 1.007762000000000269e+00 1.004998000000000280e+00 -4.218646616541275873e-02 -2.099000000002249067e-02 -4.738999999998227963e-02 -6.381481210074751997e-02 -3.289999999999998481e-02
1.048000000000000043e+00 4.214999999999999858e-01 2.375099999999999767e+00 1.019668000000000019e+00 1.011402000000000134e+00 1.007851000000000496e+00 -1.009981394330756316e-01 -5.872000000000099362e-02 -5.678000000000338332e-02 -5.368638966500693943e-03 -1.015999999999999820e-01
1.306500000000000661e+00 5.656999999999996476e-01 1.307509999999999950e+00 1.022833000000000547e+00 1.018734000000000028e+00 1.015906000000000420e+00 -1.005060584461876377e-01 -1.143900000000179773e-01 -3.888999999999676049e-02 -2.307485926960908817e-02 -4.100000000000381117e-03
1.907899999999999707e+00 9.005999999999998451e-01 1.031781000000000281e+00 1.010704000000000269e+00 1.007439000000000418e+00 1.006409000000000331e+00 1.407817589576673689e-02 8.240000000004243930e-03 1.486999999998950273e-02 -2.054483575900001302e-02 -1.500000000000056843e-03
1.548900000000000610e+00 7.145999999999999019e-01 1.053797000000000095e+00 1.014863000000000515e+00 1.011825000000000196e+00 1.009624999999999995e+00 -4.287081339712752598e-02 -5.622999999999400700e-02 -1.668000000000624539e-02 9.365057681639657461e-03 5.600000000000049383e-03
1.551699999999999413e+00 5.827000000000004398e-01 1.098120000000000207e+00 1.003771000000000191e+00 1.002764000000000433e+00 1.001456000000000124e+00 -6.530414263240771899e-02 -1.255000000000077165e-01 -5.889999999990180868e-03 -6.981128377857206968e-02 3.750000000000019984e-02
1.594900000000000873e+00 7.516999999999995907e-01 1.174529999999999852e+00 1.012329000000000478e+00 1.007672999999999819e+00 1.004787000000000319e+00 1.707056638811669039e-02 -2.608999999998928843e-02 -1.758000000001835872e-02 -3.339063358116731162e-02 2.700000000000007255e-02
1.581900000000000084e+00 7.462999999999997414e-01 1.059903999999999735e+00 1.022458000000000089e+00 1.018801999999999985e+00 1.016110000000000513e+00 -2.422179401993341807e-01 -3.123800000000169774e-01 -7.580000000001341220e-02 5.987656402893337670e-03 5.379999999999973692e-02
1.914699999999999847e+00 9.231999999999995765e-01 1.083299999999999930e+00 1.060929999999999929e+00 1.058879999999999821e+00 1.057350000000000234e+00 9.712844036695098340e-03 6.469999999978881533e-03 1.680000000016335093e-03 -2.820350786648651020e-02 1.869999999999993889e-02
1.859100000000000641e+00 8.681000000000000938e-01 1.135270000000000223e+00 1.086310000000000109e+00 1.083489999999999842e+00 1.082609999999999628e+00 1.112353269983358366e-02 8.559999999977918606e-03 2.147999999997551868e-02 -3.005295445416789057e-02 -4.799999999999929323e-03
1.447000000000000952e+00 7.118000000000002103e-01 1.454360000000000097e+00 1.024509000000000114e+00 1.020881000000000149e+00 1.017525000000000679e+00 6.261696969696743664e-02 2.565999999999846182e-02 8.000000000762952368e-05 -9.834060974057014237e-02 -3.020000000000055973e-02
1.626599999999998936e+00 8.690000000000006608e-01 1.711929999999999730e+00 1.011819999999999720e+00 1.002284000000000175e+00 9.972590000000000066e-01 -1.702306201550370102e-01 -1.675800000000133849e-01 -1.380300000000023175e-01 6.880037116123860486e-02 5.160000000000164455e-02
1.406200000000000117e+00 6.459000000000001407e-01 1.240380000000000260e+00 1.007439999999999891e+00 1.001651000000000069e+00 9.975649999999997020e-01 1.036572052401958308e-02 4.710000000015313049e-03 -2.085999999999188503e-02 -2.230733602421100525e-02 -2.150000000000040767e-02
1.601300000000000168e+00 7.942000000000000171e-01 1.236929999999999197e+00 1.016261000000000303e+00 1.013598999999999917e+00 1.010881000000000363e+00 -6.741573033705697575e-04 4.433000000002174090e-02 9.790000000021947812e-03 -5.577645438415963081e-02 -7.080000000000330473e-02
1.708100000000000840e+00 8.407999999999997698e-01 1.049205000000000387e+00 1.032257000000000202e+00 1.030283000000000726e+00 1.028847000000000289e+00 7.055917986955171327e-03 1.121999999998912756e-02 8.099999999977569587e-03 -2.393389130140338716e-02 -1.339999999999808011e-02
1.405599999999999739e+00 5.929999999999999716e-01 1.052161000000000790e+00 1.018127000000000448e+00 1.015436000000000005e+00 1.013345000000000384e+00 5.163712686567028393e-02 2.312999999997522593e-02 1.096000000000607599e-02 -1.450007243580375693e-02 -5.300000000000304468e-03
1.372699999999999143e+00 6.663000000000005585e-01 1.939740000000000242e+00 1.008767000000000413e+00 1.005302000000000140e+00 1.002146000000000425e+00 1.738604651162631298e-02 -2.550000000015373303e-03 3.015000000000434000e-02 -3.123181323877721738e-02 -1.024999999999987033e-01
1.462699999999999889e+00 6.432999999999999829e-01 1.043013000000000412e+00 1.028569000000000289e+00 1.027818000000000564e+00 1.026326000000000738e+00 6.753134796238395576e-02 4.895999999998501551e-02 1.076999999998662361e-02 -1.745727930745977208e-02 1.429999999999975735e-02
1.504599999999999937e+00 7.707999999999994856e-01 1.806379999999999431e+00 1.010545999999999944e+00 1.003493000000000190e+00 1.000040999999999958e+00 -1.261011450381690213e-01 -8.783999999999281272e-02 -8.244999999998015028e-02 4.311153378051263418e-02 -3.569999999999917684e-02
1.607200000000000628e+00 8.220999999999998309e-01 1.498490000000000766e+00 1.014251000000000236e+00 1.009935999999999945e+00 1.006551000000000196e+00 -5.170020818875929736e-02 -1.415399999999955583e-01 -5.101000000001221224e-02 1.407470245455130775e-02 4.840000000000022062e-02
1.765400000000000524e+00 8.465999999999995751e-01 1.113449999999999829e+00 1.044050000000000589e+00 1.036610999999999949e+00 1.034277000000000335e+00 -7.190719890822330762e-02 -5.881999999998122064e-02 -4.884999999998207443e-02 -2.989220166279979440e-02 3.929999999999994609e-02
1.381399999999999295e+00 7.454999999999998295e-01 2.777779999999999472e+00 1.013560000000000239e+00 1.006789000000000822e+00 1.003385000000000193e+00 -2.494843574849697210e-01 -2.220000000000030838e-01 -1.617600000000187777e-01 3.910453089609788879e-02 1.719999999999788365e-02
1.693700000000000649e+00 8.095999999999996533e-01 1.090229999999999588e+00 1.064260000000000650e+00 1.062300000000000022e+00 1.061610000000000387e+00 5.116933207902002456e-02 3.618999999998706585e-02 2.770999999998480234e-02 -3.390904337899924847e-02 1.199999999999923350e-03
1.575899999999999856e+00 7.012000000000000455e-01 1.081959999999999811e+00 1.014534000000000047e+00 1.012982000000000493e+00 1.010572000000000470e+00 -1.847274633123672238e-01 -2.082700000000023977e-01 -6.292999999998905025e-02 2.147886655953701318e-02 3.450000000000003064e-02
1.632800000000000473e+00 7.668999999999996930e-01 1.080819999999999670e+00 1.033197000000000587e+00 1.031177000000000232e+00 1.029144999999999976e+00 5.398547918683323926e-02 2.849999999999042188e-02 1.229999999999620286e-02 -4.783679972062931940e-02 1.799999999999965516e-02
1.753499999999998948e+00 8.377000000000007773e-01 1.269329999999999847e+00 1.039998000000000422e+00 1.037151000000000822e+00 1.035653000000000157e+00 -2.271091703056666439e-02 -3.723999999998817145e-02 -2.487999999998535827e-02 -5.908182235060066567e-03 1.479999999999997984e-02
1.660299999999999443e+00 7.288999999999994373e-01 1.168250000000000455e+00 1.013307000000000402e+00 1.008392000000000177e+00 1.003293999999999908e+00 1.353768207726414041e-01 2.469499999999822393e-01 1.196499999999804942e-01 6.812868324163989797e-02 -2.867000000000019533e-01
1.480900000000000993e+00 6.332999999999993079e-01 1.159230000000000427e+00 1.007230000000000736e+00 1.003635000000000277e+00 1.000248000000000470e+00 4.908964235950117466e-02 4.726999999998682256e-02 2.211000000002094623e-02 -3.674424924718983076e-02 -2.969999999999906048e-02
1.303499999999999659e+00 6.252000000000004221e-01 2.089819999999999567e+00 1.023184000000000760e+00 1.018126000000000086e+00 1.012325999999999837e+00 -2.417250221043323877e-01 -2.847500000000184883e-01 -3.346099999999907482e-01 2.451963988510069692e-01 2.044000000000005812e-01
1.523800000000000487e+00 7.289999999999992042e-01 1.067790000000000239e+00 1.022530000000000605e+00 1.019434000000000617e+00 1.017858000000000374e+00 1.617396991497911662e-02 3.067999999999493355e-02 1.090000000002078195e-02 -1.168258260593524334e-02 -4.379999999999900639e-02
1.627100000000000435e+00 7.701000000000002288e-01 1.126259999999999373e+00 1.048430000000000417e+00 1.043374000000000024e+00 1.040441000000000171e+00 5.885788449060733347e-03 -1.308000000001463548e-02 -3.020999999999851582e-02 -3.731196591096569426e-02 4.469999999999997586e-02
1.709999999999999964e+00 8.019999999999996021e-01 1.040899000000000685e+00 1.005187999999999748e+00 1.004498000000000113e+00 1.004005999999999510e+00 5.432132963990233231e-03 2.719999999969857640e-03 -6.319999999995218332e-03 -1.753227867318712940e-03 5.400000000000071410e-03
1.759199999999999875e+00 8.862999999999994216e-01 1.205040000000000333e+00 1.002476999999999840e+00 9.975940000000005359e-01 9.922820000000001084e-01 1.046303142329240224e-02 -3.054000000000911541e-02 -1.788999999998708290e-02 -6.777805661490222955e-02 4.720000000000013074e-02
1.335500000000000576e+00 6.544999999999996376e-01 1.546449999999999880e+00 1.023174000000000250e+00 1.019160000000000066e+00 1.015449999999999742e+00 5.035363457760058323e-03 -3.259999999981388896e-03 -7.644000000001582862e-02 -3.194695789705215283e-03 2.270000000000012286e-02
1.772700000000001275e+00 9.091999999999993420e-01 1.148530000000000051e+00 1.028629999999999933e+00 1.024961000000000455e+00 1.022204000000000113e+00 -7.786283891547192415e-02 -7.058999999998327723e-02 -4.257999999999029228e-02 -7.098707041563623310e-03 -6.100000000002214762e-03
1.695400000000000240e+00 8.536000000000001364e-01 1.306759999999999922e+00 1.011189000000000338e+00 1.003601000000000631e+00 9.986929999999997198e-01 -1.523695198329842460e-01 -1.561500000000215493e-01 -1.118300000000047589e-01 3.757539386509722856e-02 4.969999999999974438e-02
1.400599999999999845e+00 6.450000000000004619e-01 1.254199999999999982e+00 1.009248000000000367e+00 1.005391000000000590e+00 1.002989000000000352e+00 2.751196172248942390e-02 2.299999999895163683e-04 -3.014000000001004764e-02 1.700987042652229303e-02 -4.900000000001181188e-03
1.674099999999999255e+00 8.010999999999999233e-01 1.109909999999999952e+00 1.044078000000000062e+00 1.041803999999999952e+00 1.039824000000000748e+00 -5.163009404388295073e-03 -5.550000000019039703e-03 2.318999999998183625e-02 -4.488526195951358239e-02 -3.450000000000086331e-02
1.740899999999999892e+00 8.092000000000005855e-01 1.061716000000000326e+00 1.052824999999999900e+00 1.051486000000000365e+00 1.050669000000000519e+00 6.649772579597268418e-02 5.629000000001305182e-02 4.898000000001268006e-02 -5.811567241668394446e-02 -7.599999999999912381e-03
1.687100000000000044e+00 8.017999999999991800e-01 1.215929999999999289e+00 1.045204000000000466e+00 1.042613000000000234e+00 1.041388999999999898e+00 4.302439024390351807e-02 1.155999999998691408e-02 -1.589999999978886080e-03 -8.730725695966390365e-03 1.799999999999993966e-02
1.680100000000000371e+00 7.897999999999996135e-01 1.085989999999999789e+00 1.044791000000000691e+00 1.042169000000000345e+00 1.039955000000000407e+00 1.196969696969529297e-02 2.646999999998911335e-02 -3.989999999983950829e-03 -2.787097603068178220e-02 -7.200000000000539302e-03
1.717400000000000482e+00 7.885999999999997456e-01 1.026487000000000149e+00 1.015386000000000122e+00 1.014506000000000130e+00 1.013373999999999775e+00 5.311063829787435880e-02 5.067999999998029637e-02 5.650000000018806645e-03 -4.100053184887020308e-02 1.069999999999970974e-02
1.710500000000000576e+00 7.997999999999994003e-01 1.071710000000000163e+00 1.047579000000000260e+00 1.044476000000000404e+00 1.042785000000000073e+00 9.837357052096722121e-02 4.806999999998851081e-02 4.548000000001728438e-02 -2.194848711201409508e-02 -5.099999999999799138e-03
1.736100000000000421e+00 8.067000000000001947e-01 1.073750000000000204e+00 1.059099999999999486e+00 1.057839999999999447e+00 1.055989999999999762e+00 1.817084922706291572e-01 1.076599999999778845e-01 4.531999999998781448e-02 -3.632328022139093282e-02 1.540000000000021907e-02
1.737999999999999545e+00 8.064000000000000057e-01 1.060952000000000117e+00 1.008616000000000623e+00 1.004919000000000340e+00 1.003034000000000203e+00 -4.562913907284536774e-02 -7.439999999998647695e-02 5.319999999985114414e-03 1.678581868955641987e-03 -1.540000000000044111e-02
1.766700000000000159e+00 7.457000000000002515e-01 1.170069999999999943e+00 1.027655000000000207e+00 1.017977000000000132e+00 1.015625000000000222e+00 -1.512282696994299569e-01 -1.807599999999993656e-01 -7.584000000001900332e-02 4.535540359624368190e-02 3.590000000000159730e-02
1.712099999999999511e+00 8.083999999999997854e-01 1.145690000000000097e+00 1.049900000000000722e+00 1.045563000000000464e+00 1.042753000000000263e+00 -4.706182643221899775e-02 -4.868000000001337924e-02 -1.257000000000374484e-02 -2.073004785578580478e-02 1.620000000000014484e-02
1.675700000000000855e+00 8.004999999999995453e-01 1.095959999999999823e+00 1.062119999999999953e+00 1.059700000000000752e+00 1.058650000000000313e+00 2.583707865168678383e-02 1.582000000000327589e-02 2.784000000001363162e-02 -1.498288318767407312e-02 -8.900000000000074518e-03
1.765699999999999825e+00 8.094999999999998863e-01 1.066089999999999982e+00 1.047250000000000458e+00 1.046080000000000343e+00 1.044889999999999874e+00 4.552133371010608394e-03 4.129999999987532533e-03 3.529999999985378167e-03 -2.827654097502574349e-02 1.160000000000000614e-02
1.868900000000000894e+00 7.991999999999999105e-01 1.196990000000000220e+00 1.015997999999999957e+00 1.013252000000000042e+00 1.010983000000000187e+00 2.254833720030641891e-02 -1.699999999997814371e-03 -2.332999999999252339e-02 -5.083845836352351988e-02 -5.500000000002724931e-03
1.734300000000000175e+00 7.754999999999996341e-01 1.064583999999999753e+00 1.012068000000001078e+00 1.011264000000000163e+00 1.010503000000000151e+00 -5.300567107750655399e-02 -6.880999999999026784e-02 2.990000000020032189e-03 -7.837432828091078774e-02 2.280000000000148574e-02
1.753699999999999370e+00 8.022999999999997911e-01 1.204609999999999514e+00 1.057775999999999605e+00 1.053008000000000610e+00 1.049977000000000382e+00 -1.392971996386629663e-01 -1.337099999999846744e-01 -8.820999999998946350e-02 3.968948850702164188e-02 4.520000000000046203e-02
1.785899999999999821e+00 7.412000000000000810e-01 1.082459999999999978e+00 1.021355000000000457e+00 1.020108000000000459e+00 1.019089999999999829e+00 -5.966039467654218323e-04 5.809999999989656772e-03 9.549999999983072030e-03 -1.156898548797276050e-01 -1.400000000002954437e-03
1.755900000000000460e+00 8.067000000000001947e-01 1.072049999999999725e+00 1.065969999999999862e+00 1.064999999999999947e+00 1.064379999999999882e+00 1.490598290598166287e-02 4.789999999999849933e-03 4.229000000001548187e-02 -3.390300000989701634e-02 -3.000000000000033890e-03
1.720399999999999707e+00 8.060999999999998167e-01 1.074133000000000226e+00 1.057088000000000250e+00 1.054962999999999873e+00 1.054261000000000115e+00 4.866612772837645984e-02 3.697000000000727482e-02 3.433999999997894292e-02 -3.230915655462030661e-02 -9.099999999999941469e-03
1.714800000000000324e+00 8.037999999999998479e-01 1.163870000000000626e+00 1.059640000000000137e+00 1.057210000000000205e+00 1.055290000000000061e+00 2.486229344015771642e-02 1.660000000004657750e-03 3.289999999980253165e-03 -2.875927265713873471e-02 1.269999999999987805e-02
1.722400000000000375e+00 8.067999999999999616e-01 1.071419999999999817e+00 1.041990000000000638e+00 1.040624000000000438e+00 1.039730999999999961e+00 -1.120870870870614884e-02 8.200000000098128794e-04 8.299999999991314326e-03 -1.733954765969068085e-02 -1.080000000000019833e-02
1.691900000000000404e+00 7.866999999999997328e-01 1.067339999999999733e+00 1.044760000000000133e+00 1.042782000000000764e+00 1.041093000000000046e+00 7.910437109723608695e-02 4.495000000003024354e-02 4.622999999998000931e-02 -6.127259213710228164e-02 6.199999999999802891e-03
