255 255 255
253 255 255
251 255 255
249 255 255
247 255 255
245 255 255
243 255 255
241 255 255
239 255 255
236 255 255
234 255 255
232 255 255
230 255 255
228 255 255
226 255 255
224 255 255
222 255 255
220 255 255
218 255 255
216 255 255
214 255 255
212 255 255
210 255 255
208 255 255
206 255 255
203 255 255
201 255 255
199 255 255
197 255 255
195 255 255
193 255 255
191 255 255
189 255 255
187 255 255
185 255 255
183 255 255
181 255 255
179 255 255
177 255 255
175 255 255
173 255 255
171 255 255
168 255 255
166 255 255
164 255 255
162 255 255
160 255 255
158 255 255
156 255 255
154 255 255
152 255 255
150 255 255
148 255 255
146 255 255
144 255 255
142 255 255
140 255 255
138 255 255
135 255 255
133 255 255
131 255 255
129 255 255
127 255 255
125 255 255
123 254 255
121 252 255
119 250 255
117 248 255
115 246 255
113 244 255
112 242 255
110 240 255
108 238 255
106 236 255
104 234 255
102 232 255
100 230 255
98 228 255
96 226 255
94 224 255
92 222 255
90 219 255
88 217 255
86 215 255
84 213 255
82 211 255
80 209 255
79 207 255
77 205 255
75 203 255
73 201 255
71 199 255
69 197 255
67 195 255
65 193 255
63 191 255
61 189 255
59 186 255
57 184 255
55 182 255
53 180 255
51 178 255
49 176 255
48 174 255
46 172 255
44 170 255
42 168 255
40 166 255
38 164 255
36 162 255
34 160 255
32 158 255
30 156 255
28 154 255
26 151 255
24 149 255
22 147 255
20 145 255
18 143 255
16 141 255
15 139 255
13 137 255
11 135 255
9 133 255
7 131 255
5 129 255
3 127 255
1 125 255
0 123 255
0 121 254
0 119 253
0 117 253
0 115 252
0 113 252
0 111 251
0 109 250
0 107 250
0 105 249
0 103 249
0 101 248
0 99 247
0 97 247
0 96 246
0 94 246
0 92 245
0 90 244
0 88 244
0 86 243
0 84 243
0 82 242
0 80 241
0 78 241
0 76 240
0 74 240
0 72 239
0 70 238
0 68 238
0 66 237
0 64 237
0 63 236
0 61 235
0 59 235
0 57 234
0 55 233
0 53 233
0 51 232
0 49 232
0 47 231
0 45 230
0 43 230
0 41 229
0 39 229
0 37 228
0 35 227
0 33 227
0 32 226
0 30 226
0 28 225
0 26 224
0 24 224
0 22 223
0 20 223
0 18 222
0 16 221
0 14 221
0 12 220
0 10 220
0 8 219
0 6 218
0 4 218
0 2 217
0 0 217
0 0 214
0 0 210
0 0 207
0 0 204
0 0 200
0 0 197
0 0 193
0 0 190
0 0 187
0 0 183
0 0 180
0 0 176
0 0 173
0 0 170
0 0 166
0 0 163
0 0 160
0 0 156
0 0 153
0 0 149
0 0 146
0 0 143
0 0 139
0 0 136
0 0 132
0 0 129
0 0 126
0 0 122
0 0 119
0 0 115
0 0 112
0 0 109
0 0 105
0 0 102
0 0 98
0 0 95
0 0 92
0 0 88
0 0 85
0 0 81
0 0 78
0 0 75
0 0 71
0 0 68
0 0 64
0 0 61
0 0 58
0 0 54
0 0 51
0 0 48
0 0 44
0 0 41
0 0 37
0 0 34
0 0 31
0 0 27
0 0 24
0 0 20
0 0 17
0 0 14
0 0 10
0 0 7
0 0 3
0 0 0